   2.1973589e-01   2.4200345e-01   2.3409285e-02
   2.4634581e-01   2.6277107e-01   2.5996782e-02
   3.6944377e-02   1.1809194e-01   1.0221759e-01
   8.2862504e-02   2.2399997e-01   9.0877357e-02
   2.6214774e-01   2.6617488e-01   2.7609037e-02
   1.9342400e-01   2.1912181e-01   2.4797474e-02
   2.3220297e-01   2.5200374e-01   2.1662376e-02
   2.0219428e-01   2.5472037e-01   5.3382107e-02
   2.0660374e-01   2.1701994e-01   3.5110160e-02
   2.1634691e-01   2.6337123e-01   4.8816872e-02
   2.5007993e-01   2.4232491e-01   2.2478253e-02
   1.7412677e-01   2.4996703e-01   3.6224507e-02
   1.3572463e-01   9.7755892e-02   3.4393953e-02
   2.6145742e-01   2.6890907e-01   4.6022623e-02
   3.0730952e-01   2.5661385e-01   3.1837359e-02
   2.3853325e-01   1.5605633e-01   6.8253825e-02
   2.0348847e-01   1.4389116e-01   5.9186902e-02
   3.2137895e-01   2.7300758e-01   2.6013567e-02
   3.5122765e-01   2.7128915e-01   2.8906027e-02
   3.3746518e-01   2.7695311e-01   2.3197160e-02
   3.8111400e-01   2.7582573e-01   1.8307335e-02
   1.2717931e-01   8.9205412e-02   4.3577977e-02
   2.6806178e-01   2.6600540e-01   5.9207967e-02
   2.7494310e-01   2.7053181e-01   2.6664535e-02
   3.6627958e-01   2.6928425e-01   2.5214848e-02
   3.1024158e-01   2.5824372e-01   4.7110039e-02
   2.0053263e-01   2.5125092e-01   7.3047849e-02
   2.8955348e-01   2.6035216e-01   2.5020333e-02
   4.6377780e-01   1.5455302e-01   7.8721202e-02
   2.9753565e-01   2.7091510e-01   2.5953335e-02
   3.3020925e-01   2.1613577e-01   5.5289868e-02
   3.1288230e-01   2.7403488e-01   3.9211482e-02
   2.8377279e-01   2.7129163e-01   4.8393551e-02
   2.7386593e-01   2.7508399e-01   4.2930577e-02
   4.6620940e-01   7.7368298e-02   9.8016843e-02
   2.3176472e-01   1.7414153e-01   1.1548593e-01
   3.1671955e-01   1.6546188e-01   1.1660155e-01
   2.8518315e-01   1.3224337e-01   1.2068031e-01
   4.8976196e-01   2.3049767e-01   5.1093447e-02
   3.1503596e-01   1.2822093e-01   1.0099863e-01
   2.6126844e-01   3.5018529e-02   6.5595781e-02
   4.7929548e-01   1.6612676e-01   8.0507621e-02
   3.1225216e-01   1.7996446e-01   1.0341280e-01
   3.1726785e-01   1.3621540e-01   7.8722286e-02
   3.7207520e-01   2.2566549e-01   7.5070770e-02
   2.7464736e-01   2.2117096e-01   3.4213451e-02
   1.5944754e-01   6.5797575e-02   2.6049825e-02
   1.2647861e-01   8.5314100e-02   7.0728055e-02
   2.4436832e-02   1.5973796e-01   5.4315538e-02
   4.2855461e-01   2.6870541e-01   1.5528485e-02
   2.5294734e-01   1.6937456e-01   1.1540157e-01
   4.1514591e-01   2.7420147e-01   1.1145674e-02
   3.9622246e-01   2.7622911e-01   1.6863356e-02
   1.3721747e-01   1.0834494e-01   1.0250877e-01
   1.4053424e-01   1.4789009e-01   2.9062494e-02
   1.4552231e-01   1.2957961e-01   3.1780591e-02
   1.4719974e-01   2.2130592e-01   2.6516468e-02
   1.5529590e-01   8.9708701e-02   2.2872158e-02
   1.8887042e-01   7.8397326e-02   1.7515210e-02
   1.5401817e-01   6.3501152e-02   6.2923385e-02
   2.2259209e-01   8.9147490e-02   3.8624674e-02
   4.9131224e-01   2.1718873e-01   5.2231197e-02
   2.6438268e-01   2.5139773e-01   6.9446057e-02
   5.0552684e-01   2.2264091e-01   4.7444510e-02
   5.1732402e-01   2.2622651e-01   5.9683246e-02
   2.3793461e-01   7.1221432e-02   8.0766136e-02
   2.7066306e-01   2.0907987e-01   4.3210248e-02
   2.4352011e-01   7.0839839e-02   4.6939479e-02
   2.9703110e-01   2.6011733e-01   5.1987528e-02
   2.2328428e-01   2.0656293e-01   4.5541916e-02
   2.4857216e-01   5.3602714e-02   4.4691139e-02
   2.3383735e-01   9.4762460e-02   4.6835371e-02
   2.3587599e-01   7.6674058e-02   3.6442127e-02
   2.2471332e-01   7.4870060e-02   2.8369621e-02
   2.7989843e-01   1.3516266e-01   7.2588733e-02
   2.4879707e-01   2.7428466e-02   3.6404525e-02
   2.0241860e-01   6.0448753e-02   2.5271848e-02
   4.5387081e-01   2.3020641e-01   5.0665032e-02
   4.6534205e-01   2.2857913e-01   4.3527978e-02
   2.7601661e-01   2.4988604e-01   6.9771343e-02
   3.2664299e-01   2.6247323e-01   3.5268472e-02
   1.9107206e-01   5.6746223e-02   1.9109494e-02
   2.9157488e-01   2.4734882e-01   2.9401272e-02
   3.4178638e-01   2.2590440e-01   7.7729914e-02
   3.1549347e-01   2.3721328e-01   6.7568650e-02
   3.1517621e-01   2.0389612e-02   5.4844458e-02
   2.7746490e-01   2.3802316e-01   2.8631301e-02
   3.3789115e-01   2.3084806e-01   6.2905466e-02
   4.0354238e-01   2.1746562e-01   6.7373539e-02
   3.9812497e-01   2.3241913e-01   5.6980822e-02
   4.7010149e-01   2.1779354e-01   6.0946163e-02
   2.4149324e-01   6.6985196e-02   6.3765457e-02
   1.9888197e-01   3.6540463e-02   4.5874766e-02
   2.0080595e-01   4.5876588e-02   3.3299390e-02
   2.1482374e-01   4.6517217e-02   3.2900676e-02
   1.8288313e-01   4.2565493e-02   6.0027066e-02
   3.0468431e-01   2.4710920e-01   5.7597305e-02
   2.0917070e-01   7.4873686e-02   2.8086844e-02
   2.1515959e-01   6.1007456e-02   2.8499810e-02
   2.6643427e-01   2.5034515e-02   5.4917440e-02
   3.1065563e-01   2.1153021e-01   5.3432161e-02
   2.9009931e-01   2.3116098e-01   8.6915100e-02
   3.1226028e-01   2.3151706e-01   4.7495269e-02
   2.8410338e-01   2.6023195e-01   6.0727392e-02
   2.8908925e-01   2.4748780e-01   6.1480062e-02
   2.8744481e-01   2.2650784e-01   3.2044501e-02
   2.6035957e-01   4.2412140e-02   4.5787050e-02
   3.1958346e-01   1.9546097e-01   8.6344982e-02
   3.0547444e-01   2.0558290e-01   9.3293851e-02
   3.2676163e-01   2.2688904e-01   8.0857551e-02
   3.0886761e-01   2.3011265e-01   8.0031873e-02
   2.5121682e-01   1.3527629e-01   6.9663937e-02
   2.1682225e-01   1.9100126e-01   1.1043467e-01
   4.1138184e-01   2.3300811e-01   5.8363427e-02
   4.3973865e-01   2.3180533e-01   5.7838334e-02
   3.8509814e-01   2.3532539e-01   5.6467396e-02
   2.1877586e-01   1.3564905e-01   6.1966974e-02
   2.7156273e-01   1.7338242e-01   1.1425233e-01
   4.1834466e-01   2.1804825e-01   6.0741265e-02
   2.4975501e-01   9.8061606e-02   5.6659452e-02
   5.1080230e-01   2.3144332e-01   5.3713871e-02
   4.8240199e-01   2.1927758e-01   5.8684168e-02
   3.8640481e-01   2.2510612e-01   7.0456612e-02
   1.6076593e-01   1.5824933e-01   3.8663346e-02
   3.5511178e-01   2.2539797e-01   7.3498579e-02
   9.5687844e-02   1.2558802e-01   1.1596807e-01
   1.3522074e-02   1.5026348e-01   5.6857889e-02
   1.3124061e-01   8.1967586e-02   8.3667596e-02
   2.4173539e-02   1.2972948e-01   7.0695722e-02
   1.4060353e-02   1.3689634e-01   6.7017605e-02
   1.1662493e-02   1.2263826e-01   7.1927726e-02
   3.9196484e-02   1.3387210e-01   7.1526423e-02
   1.1525651e-01   1.0899675e-01   4.9968692e-02
   1.4407724e-01   7.7660715e-02   3.0737115e-02
   4.9470028e-01   1.6661539e-01   7.9153914e-02
   1.6994851e-01   4.6859055e-02   4.6404724e-02
   8.6760978e-02   1.1118478e-01   8.6401130e-02
   1.2750219e-01   1.0855806e-01   3.9896983e-02
   1.3339647e-01   7.3283064e-02   4.6748086e-02
   3.2593685e-01   1.1220498e-01   1.0570263e-01
   1.7863566e-01   1.2120028e-01   3.5505704e-02
   1.3635546e-01   7.7106211e-02   6.6233864e-02
   1.6323609e-01   5.0796691e-02   6.1125670e-02
   1.7517298e-01   1.0182106e-01   2.4839320e-02
   1.4039810e-01   6.2190151e-02   5.2559552e-02
   8.4594661e-02   1.1943196e-01   6.7666743e-02
   1.2295595e-01   9.8985873e-02   9.0840542e-02
   1.0031283e-01   1.0495974e-01   8.1417876e-02
   2.0140059e-01   1.3182690e-01   5.0313996e-02
   2.8444956e-01   1.7358520e-01   6.2000580e-02
   2.1007092e-01   1.1406191e-01   5.0371195e-02
   3.1079779e-01   1.9263951e-01   9.6303791e-02
   2.8837826e-01   1.9316784e-01   1.1026197e-01
   1.9417457e-01   1.1733136e-01   3.9797879e-02
   2.2765177e-01   2.5413901e-02   5.5847930e-02
   2.4095426e-01   4.1999986e-02   3.4775852e-02
   1.9221108e-01   9.4374154e-02   2.2415244e-02
   1.8322318e-01   5.8656190e-02   7.9818458e-02
   2.0521576e-01   9.0782076e-02   2.8077840e-02
   4.0818473e-01   8.7237920e-02   9.2269934e-02
   1.5700667e-01   5.2315050e-02   4.4162688e-02
   2.5580714e-01   2.0039068e-02   4.8032944e-02
   3.7386792e-01   1.7456204e-01   9.1728205e-02
   3.7033543e-01   2.1857298e-01   6.2006976e-02
   2.0131915e-01   3.6911231e-02   6.4047777e-02
   3.2919028e-01   2.0976252e-01   8.4217620e-02
   3.6081024e-01   2.2125897e-01   5.5433894e-02
   3.2414062e-01   1.8178959e-01   9.5870504e-02
   2.5315185e-01   8.4191283e-02   6.2941482e-02
   2.5041931e-01   8.6733474e-02   8.7927692e-02
   3.6065592e-01   2.3645577e-01   6.4238971e-02
   3.4551497e-01   2.0934103e-01   6.9720924e-02
   3.2942849e-01   2.0273387e-01   6.2009307e-02
   3.4569589e-01   2.1582036e-01   5.7581540e-02
   2.8030576e-01   2.0756360e-02   5.5259715e-02
   4.0380357e-01   2.1323336e-01   5.5006161e-02
   3.8851666e-01   1.7238438e-01   8.7177111e-02
   2.8051569e-01   9.2207935e-02   8.4543479e-02
   3.0347461e-01   8.9892076e-02   9.9307329e-02
   2.6393572e-01   1.1773715e-01   7.0251730e-02
   2.5746541e-01   9.3872557e-02   1.1284783e-01
   2.7377402e-01   9.8411305e-02   7.3190417e-02
   2.3939766e-01   5.8960024e-02   3.8326270e-02
   2.2468706e-01   7.5281401e-02   9.0647981e-02
   2.3375314e-01   3.6493967e-02   6.6053575e-02
   2.4908090e-01   4.4640368e-02   6.5158378e-02
   4.2131830e-01   1.6686305e-01   7.6395047e-02
   4.1811736e-01   1.7030508e-01   9.1151966e-02
   4.3341685e-01   2.1690000e-01   6.5325955e-02
   4.5524177e-01   2.2157719e-01   6.2713965e-02
   2.1903081e-01   5.4353949e-02   8.1850953e-02
   2.1838577e-01   1.0320786e-01   4.3274117e-02
   2.0173234e-01   6.0338228e-02   8.2654925e-02
   2.2137651e-01   8.0029983e-02   1.0514510e-01
   4.9389806e-01   1.5232215e-01   8.2227143e-02
   2.6634368e-01   9.0113622e-02   9.2489050e-02
   2.3728180e-01   8.8684301e-02   1.0516145e-01
   2.8139900e-01   9.3858348e-02   1.2284340e-01
   2.6212425e-01   1.1085548e-01   1.2524255e-01
   2.7057074e-01   1.3642782e-01   1.2078360e-01
   2.3741296e-01   1.3521308e-01   6.4866916e-02
   2.7241480e-01   9.0942023e-02   1.1024491e-01
   2.7379195e-01   1.0117060e-01   1.2560519e-01
   1.9158080e-01   7.1003620e-02   9.6157036e-02
   5.0884366e-01   1.5968474e-01   7.7641048e-02
   2.2765360e-01   1.1665137e-01   6.0871413e-02
   1.8717770e-01   8.7663055e-02   1.0290662e-01
   2.0840905e-01   9.2342111e-02   1.1374216e-01
   1.8626042e-01   1.3629041e-01   4.2859450e-02
   1.2482815e-01   1.2174512e-01   3.5569681e-02
   1.1582097e-01   9.4032996e-02   7.6772238e-02
   1.1063605e-01   9.9383517e-02   6.1132743e-02
   4.6418858e-01   1.6180535e-01   9.0398057e-02
   1.4268537e-01   1.1159794e-01   2.6701218e-02
   1.6412835e-01   1.2819680e-01   3.1709027e-02
   1.7456070e-01   7.9757056e-02   9.5470643e-02
   4.2849556e-01   9.0418282e-02   1.0803314e-01
   1.7363281e-01   1.2791350e-01   1.2242821e-01
   4.5078804e-01   1.5232385e-01   7.4283928e-02
   5.5288600e-01   1.5635486e-01   8.4012508e-02
   1.9785082e-01   9.7593147e-02   1.1938347e-01
   3.2417102e-01   1.0292881e-01   1.1582044e-01
   5.6403339e-02   1.4625652e-01   6.5642742e-02
   3.6344334e-01   1.5479955e-01   9.4745685e-02
   3.6819654e-02   1.2458373e-01   1.1849817e-01
   1.8230431e-02   1.2680972e-01   1.2495012e-01
   6.8901059e-02   1.1385515e-01   9.4722230e-02
   1.2894182e-01   1.1946803e-01   1.0934635e-01
   1.3693194e-01   1.4318743e-01   1.2366752e-01
   4.0388257e-01   1.6809884e-01   9.3694240e-02
   4.2171517e-01   1.5554649e-01   9.4150769e-02
   4.3457953e-01   1.6920485e-01   9.0772860e-02
   2.8670421e-01   1.7204277e-01   1.1778790e-01
   3.2133850e-01   1.4273325e-01   1.0218030e-01
   3.0926925e-01   1.4048055e-01   1.1067393e-01
   2.8205248e-01   1.1684150e-01   7.4390848e-02
   2.9715745e-01   1.3148308e-01   1.2040480e-01
   1.9052856e-01   1.4774136e-01   5.2441532e-02
   3.8545440e-01   1.6790820e-01   1.0526611e-01
   3.0525131e-01   1.6896828e-01   1.1882150e-01
   2.7582093e-01   1.2274630e-01   1.2895989e-01
   2.9056403e-01   1.5863692e-01   1.2023725e-01
   2.8673751e-01   1.0903683e-01   1.2917419e-01
   2.4212883e-01   1.1569005e-01   1.2482529e-01
   2.8968156e-01   9.0609567e-02   1.0699892e-01
   2.8690988e-01   1.2046210e-01   1.3200304e-01
   2.5240781e-01   1.3789104e-01   1.2029875e-01
   3.1243330e-01   9.6525388e-02   1.2157844e-01
   2.3677229e-01   1.3847453e-01   1.1780134e-01
   1.9952629e-01   1.3246896e-01   1.2742850e-01
   3.4031954e-01   1.7486139e-01   9.9166452e-02
   3.4844769e-01   1.5655044e-01   9.6971226e-02
   3.4212700e-01   1.6567817e-01   1.0929371e-01
   3.4417577e-01   1.7337049e-01   8.5233640e-02
   2.2617063e-01   1.1706586e-01   1.2359824e-01
   1.8740758e-01   1.3280669e-01   1.2998428e-01
   2.1228374e-01   1.7396689e-01   1.1436446e-01
   2.0728455e-01   1.6143929e-01   6.5647441e-02
   7.2073674e-02   1.3353381e-01   6.3566470e-02
   1.0645676e-01   1.4140950e-01   1.2301799e-01
   3.8799121e-01   1.5359013e-01   9.4609789e-02
   1.0637646e-01   1.3014978e-01   4.6291268e-02
   7.8528773e-02   1.1873943e-01   1.0609932e-01
   9.2684893e-02   1.3907755e-01   5.3445801e-02
   1.5255453e-01   1.3725544e-01   1.2215428e-01
   1.8176805e-01   1.0520248e-01   1.1475106e-01
   3.5619988e-01   1.7408758e-01   9.6880115e-02
   2.8071276e-01   1.4522693e-01   1.1985566e-01
   1.1628053e-01   1.0879188e-01   1.0041685e-01
   1.1063012e-01   1.2208533e-01   1.1289580e-01
   1.5091286e-01   1.6857673e-01   3.5136100e-02
   7.3070241e-02   1.2428469e-01   7.5882701e-02
   2.9741202e-01   1.2240230e-01   7.5095821e-02
   7.6307283e-02   1.3236025e-01   1.2065982e-01
   6.1842298e-02   1.2626767e-01   1.1416009e-01
   2.5256082e-02   1.4634026e-01   6.1810923e-02
   1.1327412e-02   1.3430502e-01   8.3343666e-02
   1.3323604e-02   1.4579548e-01   9.0335584e-02
   4.6645887e-02   1.3613198e-01   1.2570327e-01
   5.1296982e-02   1.1687107e-01   1.0489236e-01
   1.9502145e-02   1.1844317e-01   9.9446211e-02
   1.1938758e-02   1.3146161e-01   1.0099670e-01
   4.3940884e-01   8.3114533e-02   1.0636524e-01
   1.5276847e-02   1.4169769e-01   1.1715226e-01
   1.1283614e-02   1.4749830e-01   7.1752030e-02
   1.4168882e-02   1.9525562e-01   1.1108133e-01
   5.7211240e-02   1.8118980e-01   1.3110396e-01
   4.3121819e-02   1.9565372e-01   1.2845608e-01
   1.4883234e-01   1.9867466e-01   1.1496910e-01
   4.0225722e-01   8.5103557e-02   1.1185333e-01
   9.9524646e-02   1.7265909e-01   4.5564154e-02
   6.6171714e-02   1.9969578e-01   1.2667444e-01
   4.1617586e-01   8.8140418e-02   1.1060466e-01
   3.4840151e-02   1.7333568e-01   1.3139921e-01
   1.9739835e-01   2.0677734e-01   1.0655571e-01
   2.6103985e-01   1.8390051e-01   1.1730100e-01
   3.0134597e-01   8.9771380e-02   1.1676597e-01
   3.0354590e-01   1.2162872e-01   1.1992141e-01
   1.8251950e-01   1.9723759e-01   1.1117986e-01
   1.9414611e-01   1.7760198e-01   1.1752038e-01
   1.9594538e-01   1.6176631e-01   1.2148993e-01
   1.3538503e-01   2.0221301e-01   1.1772100e-01
   1.7809545e-01   1.8253101e-01   1.1867974e-01
   1.9146522e-01   1.6464554e-01   5.6438155e-02
   2.1719207e-01   2.1163261e-01   1.0444764e-01
   2.1371832e-01   1.5392539e-01   1.2353540e-01
   1.4627278e-01   1.8593703e-01   1.2351954e-01
   1.6750727e-01   1.0089943e-01   1.0850485e-01
   2.9450394e-01   1.0278133e-01   7.6952569e-02
   1.1211333e-01   1.6017163e-01   1.2516356e-01
   8.8719090e-02   1.9359555e-01   5.0039462e-02
   1.3191737e-01   1.8306401e-01   1.2240691e-01
   2.1004933e-01   2.2346928e-01   1.0002501e-01
   4.5843755e-01   6.5811065e-02   1.0390293e-01
   2.3799162e-01   1.5647306e-01   1.1805261e-01
   2.6353215e-01   1.5000346e-01   1.1743158e-01
   2.6393258e-01   1.7660476e-01   6.4339134e-02
   1.4430060e-01   1.5882405e-01   1.2549358e-01
   1.6075676e-01   1.8275898e-01   1.2348138e-01
   4.1987677e-01   9.8040570e-02   1.0008801e-01
   4.0035837e-01   7.4088214e-02   1.0450662e-01
   2.9913920e-01   1.0224917e-01   1.2709827e-01
   3.0482767e-02   1.5834281e-01   1.3472590e-01
   1.3040014e-01   1.6439204e-01   1.2700312e-01
   1.1843068e-01   1.4349494e-01   1.2172186e-01
   1.3159991e-02   1.8034843e-01   1.0271488e-01
   1.8696193e-02   1.5762862e-01   1.0476611e-01
   5.2097245e-02   1.6170801e-01   1.3031301e-01
   1.7120070e-02   1.7500852e-01   1.3519591e-01
   4.9591360e-01   8.3516628e-02   9.7452013e-02
   9.2972865e-02   1.4631725e-01   1.2202897e-01
   9.9384186e-02   1.6886008e-01   1.2565401e-01
   1.3862067e-02   1.8613156e-01   7.9477680e-02
   8.0473486e-02   2.1985452e-01   1.0769409e-01
   2.0205532e-02   1.9612939e-01   1.2738544e-01
   1.7655453e-02   2.0968442e-01   1.0081995e-01
   5.4071564e-01   1.5696798e-01   7.8917416e-02
   1.2213991e-01   2.2765364e-01   9.3432419e-02
   7.9547739e-02   2.2381652e-01   6.9321945e-02
   1.8867432e-01   2.5326138e-01   6.5454645e-02
   4.9117308e-01   7.0170757e-02   9.4104315e-02
   1.7240687e-01   2.4447144e-01   8.0121626e-02
   4.3711870e-01   7.1358637e-02   9.5841456e-02
   4.5090986e-01   7.7784764e-02   9.8450951e-02
   5.0842520e-01   6.8816176e-02   9.4117801e-02
   4.5267213e-01   9.1663370e-02   9.6623343e-02
   3.8315016e-02   2.1257763e-01   1.1419535e-01
   1.5613744e-01   2.3117022e-01   1.0186118e-01
   4.3502578e-01   1.5087103e-01   8.2017764e-02
   4.8066633e-01   8.3441103e-02   9.6481645e-02
   1.1065878e-01   2.1690330e-01   1.0764006e-01
   5.2141243e-01   1.5335444e-01   8.1795569e-02
   1.2266107e-01   1.7588876e-01   3.4090148e-02
   1.4697987e-01   2.1953411e-01   1.0773209e-01
   1.9601258e-01   2.1864999e-01   1.0419163e-01
   1.8771238e-01   2.4587030e-01   8.0554845e-02
   1.8126582e-01   2.2919263e-01   9.8948165e-02
   1.6924455e-01   2.2154248e-01   1.0652168e-01
   2.0031845e-01   2.4256152e-01   8.4882577e-02
   2.7315761e-01   2.3891488e-01   7.9744625e-02
   2.1503968e-01   2.3560754e-01   9.1199532e-02
   2.4951982e-01   2.6087077e-01   6.3332992e-02
   2.5901782e-01   2.2948619e-01   8.9397280e-02
   4.2279334e-01   8.2239152e-02   9.2386768e-02
   2.7309041e-01   1.5916724e-01   1.1802329e-01
   2.2058083e-01   1.5459540e-01   6.3961591e-02
   4.4998965e-01   1.5239997e-01   9.0374006e-02
   2.6316997e-01   2.4969715e-01   2.2048309e-02
   2.2582281e-01   4.0137788e-02   7.8566210e-02
   2.9209029e-01   2.3963906e-01   7.8683826e-02
   1.9953489e-01   2.3172059e-01   9.3578978e-02
   2.1458682e-01   2.5819332e-01   6.4499238e-02
   2.3511418e-01   2.3086743e-01   2.8281849e-02
   2.3412118e-01   2.6416627e-01   5.1730767e-02
   4.0292980e-01   9.8633496e-02   9.1298326e-02
   2.1905726e-01   2.2582530e-01   3.4405624e-02
   1.5681736e-01   2.3912229e-01   8.5754251e-02
   1.2071267e-01   2.3283493e-01   7.5374208e-02
   3.1277739e-01   1.1851896e-01   7.9876600e-02
   3.8467817e-01   9.2495125e-02   1.1207202e-01
   4.0240007e-01   1.6682614e-01   7.6996285e-02
   3.9728820e-01   1.5145178e-01   8.3354646e-02
   4.1200150e-01   1.5166392e-01   7.9242592e-02
   1.3978762e-01   2.2964769e-01   9.4673923e-02
   3.7354951e-01   1.5754797e-01   8.3073453e-02
   1.0317834e-01   2.2026235e-01   9.0407903e-02
   3.2890723e-01   1.5989658e-01   7.5153365e-02
   1.9373752e-02   2.1134866e-01   8.3957921e-02
   2.3260651e-02   2.2893009e-01   9.5739981e-02
   3.5039957e-01   1.5401256e-01   8.1840619e-02
   9.6521754e-02   2.1401054e-01   1.0915445e-01
   3.3338012e-01   1.4629531e-01   9.0306488e-02
   3.1204319e-01   1.1743084e-01   1.1234191e-01
   1.7251508e-02   1.9708812e-01   8.8591439e-02
   3.7115683e-02   2.2305314e-01   9.6917948e-02
   3.2552599e-01   1.2930298e-01   9.2489251e-02
   2.9806172e-02   2.2177604e-01   7.7687054e-02
   1.5313999e-01   2.4282634e-01   3.8764559e-02
   3.1833962e-01   3.1463186e-02   3.6633756e-02
   3.2318846e-01   9.1842283e-02   9.9192605e-02
   3.3845468e-01   1.0052520e-01   9.7174300e-02
   3.8918254e-01   8.6479571e-02   9.5356599e-02
   3.7175916e-01   9.4799852e-02   9.6823743e-02
   3.5546438e-01   9.7619336e-02   9.6409771e-02
   4.5147403e-02   2.2360959e-01   7.0492826e-02
   5.8208569e-02   2.2583179e-01   9.8697242e-02
   1.1940170e-01   1.7521151e-01   1.2768781e-01
   1.8813633e-01   2.5597654e-01   4.7738869e-02
   1.6187316e-01   2.4700388e-01   6.5835038e-02
   9.5920160e-02   2.1547182e-01   4.8794046e-02
   1.9013606e-02   2.1062370e-01   5.5323762e-02
   5.8441741e-02   2.1231947e-01   5.6417500e-02
   7.8370558e-02   2.0309891e-01   1.2182409e-01
   9.0020659e-02   1.5832937e-01   5.0367993e-02
   1.1336573e-01   2.0753917e-01   3.5907580e-02
   1.3594034e-01   2.3312472e-01   3.5923605e-02
   3.1250087e-01   1.0337771e-01   8.4186134e-02
   3.0150143e-01   9.4235652e-02   8.4416945e-02
   3.8739666e-02   2.0061521e-01   5.4765157e-02
   1.1068495e-01   2.2547060e-01   4.4954163e-02
   1.8186673e-01   1.8908844e-01   4.1275120e-02
   1.6827450e-01   2.3481585e-01   9.6957664e-02
   1.3143107e-01   2.1748930e-01   1.0867754e-01
   1.2892519e-02   1.6923567e-01   5.3430107e-02
   1.8206135e-01   2.0094845e-01   3.6294252e-02
   1.6219840e-01   2.2809417e-01   2.6683644e-02
   9.9287332e-02   2.2609617e-01   6.9830122e-02
   1.7180536e-02   2.0026492e-01   6.5243581e-02
   3.2693029e-01   1.3596082e-02   3.9740910e-02
   1.2171378e-01   1.9399696e-01   1.2580295e-01
   3.3669936e-01   1.2654846e-02   3.0627834e-02
   3.1198939e-01   1.5273308e-02   3.8408255e-02
   1.3808575e-01   2.4136094e-01   5.7756908e-02
   1.4591868e-01   2.0553973e-01   2.0488711e-02
   1.4205021e-01   2.4068111e-01   7.9840696e-02
   1.3145806e-01   2.1539369e-01   3.0188640e-02
   1.5630646e-01   1.8818431e-01   3.2695892e-02
   3.0544775e-01   1.3075408e-01   1.1062552e-01
   3.0011435e-01   1.4423916e-02   4.6063204e-02
   1.1961655e-01   1.5186316e-01   3.6189087e-02
   1.3521999e-01   1.6402582e-01   3.1059072e-02
   1.4133678e-01   1.8623032e-01   2.4558729e-02
   1.3148885e-01   2.3672190e-01   8.8267869e-02
   1.2753459e-01   1.9476950e-01   3.3604750e-02
   3.0586828e-01   1.7621448e-01   6.2417777e-02
   2.7961693e-01   1.5690857e-01   6.8194853e-02
   3.3651957e-01   3.2017920e-02   3.4222238e-02
   3.0636786e-01   1.5606172e-01   6.7152077e-02
   1.0602332e-01   1.5656342e-01   4.4340070e-02
   1.2150112e-01   2.1206923e-01   1.1522666e-01
   2.9191569e-01   3.7940671e-02   4.7127501e-02
   1.0780393e-01   1.9168572e-01   4.2614201e-02
   3.2491012e-01   3.3394864e-02   5.3918771e-02
   5.8747684e-02   2.2445054e-01   7.9906917e-02
   3.2122066e-01   1.7127643e-01   6.9420536e-02
   1.4845974e-02   1.6598380e-01   6.8057307e-02
   3.3941771e-01   3.4013379e-02   5.1685509e-02
   3.4801671e-01   2.0485562e-02   5.1086823e-02
   3.4995804e-01   1.1863946e-02   3.8947884e-02
   1.7159241e-02   1.9417231e-01   5.0077477e-02
   1.6576907e-02   1.7132494e-01   8.7156771e-02
   1.8998863e-02   1.8717184e-01   6.3533713e-02
   9.2151243e-02   2.0036565e-01   1.2119717e-01
   4.0553811e-02   1.6309289e-01   5.9536191e-02
   5.8161618e-02   1.6406121e-01   5.8269737e-02
   7.8184523e-02   1.7966285e-01   1.2870805e-01
   6.5290018e-02   1.8687190e-01   5.5411122e-02
   7.8623613e-02   1.7018714e-01   5.2375037e-02
   1.0037055e-01   1.8500896e-01   1.2433155e-01
   1.4024437e-01   1.2596858e-01   1.2095434e-01
   1.7191931e-01   1.3965414e-01   4.1022588e-02
   1.4908670e-01   1.1289962e-01   1.1103742e-01
   4.3636974e-01   1.6753987e-01   7.3547804e-02
   1.7771240e-01   1.5380925e-01   4.4748234e-02
   1.7322785e-01   1.6798761e-01   1.2494399e-01
   3.5622057e-01   2.9715320e-02   2.9027000e-02
   1.7902718e-01   1.4855512e-01   1.2281330e-01
   2.2846982e-01   2.2776042e-01   9.4674116e-02
   5.2636537e-01   1.6554803e-01   7.3195008e-02
   2.9017811e-01   2.1596782e-01   9.5134109e-02
   2.2944733e-01   1.9958661e-01   1.0859359e-01
   2.4143148e-01   2.1035585e-01   4.5744677e-02
   1.7206523e-01   1.9190067e-01   3.1992638e-02
   1.7254155e-01   1.7318888e-01   4.3458093e-02
   1.6468204e-01   2.0061116e-01   1.1157990e-01
   1.9436665e-01   1.9484807e-01   4.8423860e-02
   2.1766978e-01   2.4369473e-01   7.7445974e-02
   2.4205342e-01   2.4902879e-01   7.2886629e-02
   2.7272456e-01   1.9433716e-01   5.4317006e-02
   4.3599360e-01   2.7932448e-01   1.3810188e-02
   2.4655236e-01   1.8791456e-01   1.1000874e-01
   2.3679187e-01   1.9427141e-01   5.4981252e-02
   2.3989847e-01   2.1739548e-01   1.0137674e-01
   2.4384993e-01   2.2909924e-01   9.7203208e-02
   2.5755084e-01   2.0392151e-01   1.0517707e-01
   2.5374206e-01   1.5863299e-01   7.2628350e-02
   2.5317664e-01   2.0340677e-01   5.0410300e-02
   3.4975231e-01   1.4065854e-02   2.6492856e-02
   2.2853240e-01   1.7593981e-01   6.0850513e-02
   2.5641743e-01   2.2061378e-01   9.9756026e-02
   3.6177584e-01   2.8453847e-02   5.2988079e-02
   2.4527294e-01   1.7621119e-01   6.7604001e-02
   2.7153535e-01   2.1492461e-01   9.6577379e-02
   2.2868307e-01   2.5436763e-01   6.3239243e-02
   1.9287672e-01   2.1113250e-01   3.6888464e-02
   1.7072651e-01   2.1674269e-01   2.1394905e-02
   3.7423330e-01   1.2775436e-02   2.9833584e-02
   1.7826940e-01   2.0774966e-01   2.5998909e-02
   2.6147708e-01   2.3198375e-01   2.8826326e-02
   2.5772388e-01   2.1791241e-01   3.9571711e-02
   2.0454445e-01   2.3798409e-01   2.3671329e-02
   3.7053386e-01   2.4985000e-02   2.8494391e-02
   3.6235307e-01   1.3894325e-02   3.0210973e-02
   1.8075883e-01   2.2442887e-01   1.9293571e-02
   3.8187634e-01   1.0484572e-02   3.3786395e-02
   2.2761166e-01   2.6654026e-01   3.5060466e-02
   3.8379457e-01   1.1595945e-02   3.8920641e-02
   3.7569353e-01   2.5882248e-02   4.7808905e-02
   5.1155647e-01   2.1754933e-01   5.6543261e-02
   8.8950770e-02   1.4302846e-01   9.8800024e-02
   9.3579466e-02   2.0372310e-01   7.4608267e-02
   3.2125520e-02   1.9881360e-01   7.4069400e-02
   1.8770054e-01   1.0734385e-01   2.9734807e-02
   3.4235145e-01   8.5987521e-02   1.0904947e-01
   1.7874958e-01   6.4164512e-02   5.6625024e-02
   1.7851927e-01   2.3426569e-01   6.8276297e-02
   1.2069195e-01   1.6688241e-01   5.4910884e-02
   4.2497007e-01   2.2899482e-01   5.5445735e-02
   2.4692832e-01   1.0473647e-01   9.4656821e-02
   1.0356454e-01   1.2231308e-01   5.9825834e-02
   2.0373494e-01   6.3870522e-02   3.9962466e-02
   2.4785409e-01   2.2932772e-01   3.5598223e-02
   1.6563331e-01   6.3498938e-02   4.5661807e-02
   4.3183003e-01   7.3198547e-02   1.0671252e-01
   2.9829082e-01   2.7609688e-01   4.4765829e-02
   3.2960508e-01   2.8099306e-01   3.5888607e-02
   1.8400238e-01   2.3690574e-01   8.7330951e-02
   5.0937856e-02   1.2014474e-01   8.6062197e-02
   1.8678815e-01   1.3885538e-01   1.1193397e-01
   3.5632183e-01   1.6633096e-01   1.0753205e-01
   3.0878104e-01   2.7361720e-01   2.3385059e-02
   1.6042058e-01   1.5431507e-01   1.2180770e-01
   2.9715340e-01   2.5138199e-02   6.0203973e-02
   4.0741471e-01   2.6794306e-01   2.1360615e-02
   4.5861491e-01   1.6979436e-01   7.5074865e-02
   2.6131579e-01   1.3463893e-01   1.0759313e-01
   2.1878087e-01   3.2557178e-02   3.9250601e-02
   2.3488075e-01   8.7837102e-02   7.0100360e-02
   5.0159153e-01   2.2122764e-01   6.0532517e-02
   2.4113179e-01   1.3005828e-01   1.0287967e-01
   2.6447617e-01   1.4372149e-01   7.5256290e-02
   1.8702212e-01   7.9280722e-02   7.9927749e-02
   1.8766365e-01   1.5247241e-01   7.0224926e-02
   4.2663611e-01   2.7750209e-01   1.0881582e-02
   1.2738628e-01   1.3706869e-01   3.8987175e-02
   2.7962127e-01   1.7548080e-01   8.2511749e-02
   1.2584112e-01   8.0417485e-02   5.4676386e-02
   3.2489444e-01   1.6936925e-01   1.0708377e-01
   3.2265529e-02   1.4398356e-01   1.3031111e-01
   2.7548327e-01   4.1099971e-02   5.0107660e-02
   1.8372377e-01   5.2007111e-02   3.6637324e-02
   2.8623715e-01   2.5601241e-01   4.7168416e-02
   2.2001295e-01   9.1930542e-02   9.6041848e-02
   2.9912666e-01   2.4299427e-01   4.1545346e-02
   2.4502791e-01   1.1550442e-01   6.1918447e-02
   1.8932088e-01   6.9632793e-02   3.3651350e-02
   2.9574861e-01   1.6756111e-01   8.0954372e-02
   4.7047505e-01   2.3213671e-01   5.3231120e-02
   2.3773368e-01   5.3054760e-02   7.3440186e-02
   3.1450434e-01   2.2221297e-01   6.5667204e-02
   2.7791922e-01   2.2397075e-01   5.0804799e-02
   3.1326346e-01   1.7910141e-01   8.2761630e-02
   3.4077311e-01   1.0271440e-01   1.1497115e-01
   3.5687705e-01   2.1002878e-01   6.8878458e-02
   1.9312739e-01   1.1682964e-01   1.2151128e-01
   1.5911812e-01   9.0349279e-02   9.4095254e-02
   2.2714993e-01   1.2885675e-01   7.7446913e-02
   1.6516835e-01   1.1158756e-01   4.4969370e-02
   1.2656501e-01   1.3530048e-01   1.1225018e-01
   3.1367437e-01   1.6941212e-01   8.5188787e-02
   3.0846855e-01   1.5114538e-01   1.1185920e-01
   3.0359323e-01   1.6360067e-01   1.0393910e-01
   1.8880144e-01   8.3951252e-02   4.2143972e-02
   3.6595914e-01   1.6884226e-02   2.1314122e-02
   2.9646701e-01   1.9290570e-01   4.8522912e-02
   1.7275943e-01   1.6021279e-01   5.9495372e-02
   1.9712801e-01   5.4048831e-02   5.6285381e-02
   3.8270637e-01   1.6326055e-01   7.3737750e-02
   2.1989066e-01   7.0667204e-02   6.9914279e-02
   2.3110308e-01   5.4574187e-02   5.4754207e-02
   3.1514146e-01   1.9189744e-01   5.7545278e-02
   1.4927864e-01   9.8753662e-02   1.0362503e-01
   3.7612327e-01   1.5826056e-01   9.8014653e-02
   1.7766674e-01   1.3802181e-01   5.8481710e-02
   2.1214744e-01   2.5776379e-01   2.7062758e-02
   2.9276036e-01   9.5044118e-02   1.2237045e-01
   3.2625884e-01   1.5421774e-01   1.0657235e-01
   7.6017834e-02   1.5121006e-01   6.1917154e-02
   1.9598189e-01   1.4788577e-01   1.2619123e-01
   8.8995814e-02   1.3952167e-01   7.2085834e-02
   4.0297171e-01   1.5612099e-01   1.0079121e-01
   1.1940359e-01   1.1315192e-01   7.5567841e-02
   6.5109013e-02   1.4527255e-01   1.2169032e-01
   1.3924454e-01   1.5110487e-01   1.0604157e-01
   7.6058961e-02   1.9324488e-01   7.1582794e-02
   2.3743965e-01   2.2219839e-02   4.3618704e-02
   3.8984335e-01   7.9512347e-02   1.1309906e-01
   3.5819444e-02   1.2360036e-01   8.4592924e-02
   7.7078939e-02   2.0953529e-01   5.3960673e-02
   1.3875395e-02   1.4205434e-01   1.3221371e-01
   3.7256373e-01   1.0003707e-01   1.1186117e-01
   3.5942556e-01   8.5493898e-02   1.0809755e-01
   3.5780384e-01   1.0046446e-01   1.1260584e-01
   2.5795098e-01   2.4829728e-01   3.6794625e-02
   2.9515644e-01   2.4568214e-02   3.4925011e-02
   2.7520761e-01   1.8809037e-01   1.1331717e-01
   3.1607068e-02   1.8723801e-01   8.8062673e-02
   1.8079334e-01   1.1935876e-01   9.9163709e-02
   2.2581014e-01   1.4509681e-01   7.2529436e-02
   1.4984068e-01   1.7110023e-01   1.1761615e-01
   4.1144596e-01   7.4541145e-02   1.0070891e-01
   1.2488373e-01   1.6219452e-01   1.0647329e-01
   1.3378118e-02   1.5937941e-01   1.4000901e-01
   3.9988124e-02   1.4707911e-01   6.5159252e-02
   4.7841417e-01   6.8374769e-02   9.8928386e-02
   3.2330303e-01   1.8603421e-01   6.9892302e-02
   1.2424574e-02   2.2594262e-01   8.6921158e-02
   1.8872425e-02   2.1646211e-01   1.1609557e-01
   9.1377824e-02   1.7395512e-01   6.7687926e-02
   5.1350976e-01   7.9179872e-02   9.9498838e-02
   1.5221367e-01   1.6777651e-01   4.8851761e-02
   1.0396671e-01   1.9458358e-01   9.2866537e-02
   1.6844310e-01   2.3008702e-01   7.3801464e-02
   2.1555149e-01   2.4274169e-01   4.6816447e-02
   2.8376992e-01   2.4330478e-01   7.1189080e-02
   2.3286756e-01   1.9155722e-01   7.7689517e-02
   2.9465648e-01   2.2132619e-01   7.2630423e-02
   3.3689438e-01   1.4413226e-01   7.6998300e-02
   2.3287532e-01   1.8930078e-01   9.9308211e-02
   1.3669989e-01   1.8473566e-01   1.0732766e-01
   1.7278915e-01   2.3118676e-01   4.9602643e-02
   1.4507036e-02   1.2360998e-01   1.1194790e-01
   4.6908376e-02   1.6165427e-01   8.4248681e-02
   4.8574470e-02   1.8582216e-01   5.5290720e-02
   3.2534343e-01   1.1098991e-01   9.2316258e-02
   1.1545840e-01   2.3580771e-01   6.1044249e-02
   2.8062230e-01   3.7147319e-02   6.1969873e-02
   1.8940240e-01   2.3640585e-01   2.0365088e-02
   4.7747150e-01   1.5072826e-01   8.3145802e-02
   3.5903658e-01   1.9579759e-02   3.7825269e-02
   1.2796113e-01   1.4634793e-01   5.3272102e-02
   3.6704958e-01   1.8791774e-02   4.8752264e-02
   3.0784889e-01   3.3357975e-02   5.0564117e-02
   3.6793676e-01   1.7082696e-01   1.0502654e-01
   1.1485401e-02   1.8252804e-01   5.0420450e-02
   4.2879553e-01   2.7655934e-01   2.2399659e-02
   1.6132692e-01   1.2126961e-01   1.1376530e-01
   1.4015527e-01   1.5905523e-01   4.8140739e-02
   3.0256024e-01   2.2098599e-01   8.9576899e-02
   3.7118768e-01   2.3169761e-01   5.5748932e-02
   3.8335072e-01   1.4247977e-02   4.3166653e-02
   2.7513362e-01   1.9970427e-01   9.8988161e-02
   3.8115665e-01   2.3918117e-02   3.6526485e-02
   2.5346907e-01   1.9338921e-01   6.5235010e-02
   2.7310706e-01   2.5709207e-01   3.8410990e-02
   2.0141619e-01   1.9373788e-01   1.1065394e-01
   2.3048642e-01   2.4457785e-01   8.0953067e-02
   3.3815406e-01   2.6948073e-01   3.2690098e-02
   1.3518329e-01   9.9175468e-02   5.9212633e-02
   1.3844146e-01   2.0682175e-01   8.9338101e-02
   1.2950350e-02   1.5744939e-01   8.5936788e-02
   4.0284251e-01   9.7815416e-02   1.0476409e-01
   1.5992317e-01   2.0674068e-01   2.3726397e-02
   3.3316816e-02   1.7482142e-01   7.6667967e-02
   1.3640221e-01   2.1915537e-01   7.6347315e-02
   2.1291688e-01   1.0853073e-01   1.1949865e-01
   2.7369834e-01   2.4390697e-01   5.5658000e-02
   2.9832769e-01   2.2451646e-01   4.7433997e-02
   2.0999306e-01   2.3871419e-01   6.3423749e-02
   1.2425802e-01   1.2590333e-01   6.0981503e-02
   1.5648483e-01   1.4241941e-01   3.5381795e-02
   2.2677644e-01   5.7052489e-02   3.3263530e-02
   2.5257879e-01   1.1593572e-01   1.1057716e-01
   2.4255882e-01   3.8320399e-02   5.1026228e-02
   4.4387861e-01   2.1738284e-01   5.6649659e-02
   1.0610391e-01   1.3174001e-01   8.1578775e-02
   2.6536936e-01   1.0434130e-01   1.0610755e-01
   2.2506454e-01   9.8153249e-02   1.1613739e-01
   2.7902249e-01   9.3823151e-02   9.8379835e-02
   2.4321146e-01   9.7215810e-02   1.1832039e-01
   3.2981571e-01   1.7989379e-01   8.2647875e-02
   2.9601116e-01   1.8094622e-01   1.1243337e-01
   1.5007625e-02   1.4400233e-01   1.0267285e-01
   5.8240484e-02   1.2751897e-01   7.5536700e-02
   8.4308643e-02   1.9547837e-01   9.8457587e-02
   2.9104049e-01   9.3343347e-02   8.8560946e-02
   1.5285041e-01   1.8573948e-01   1.0475440e-01
   4.2096878e-01   7.3311487e-02   1.0792832e-01
   2.1660417e-01   1.7710764e-01   9.0295379e-02
   3.1885427e-02   1.7119368e-01   9.9591629e-02
   3.1342047e-01   1.5365760e-01   9.0873930e-02
   2.9204068e-02   1.9456910e-01   1.0844559e-01
   2.9382413e-01   1.0952411e-01   9.3196284e-02
   2.9743737e-01   2.6245455e-01   3.8402380e-02
   1.2597576e-01   1.9966989e-01   5.4242538e-02
   3.8742367e-02   2.1215900e-01   6.2870501e-02
   1.2070333e-01   2.0801444e-01   9.8791687e-02
   6.7382061e-02   1.6389760e-01   1.3180598e-01
   1.5929528e-01   1.4425976e-01   5.4230878e-02
   3.3205684e-01   2.1342684e-01   7.2064603e-02
   1.8648477e-01   1.8109218e-01   5.4429975e-02
   5.0141376e-01   2.3441933e-01   5.1876878e-02
   3.7171427e-01   1.4239461e-02   3.8859046e-02
   3.7486996e-01   8.0597079e-02   1.0747766e-01
   7.1442694e-02   2.1032917e-01   8.6640488e-02
   2.7332768e-01   1.2203249e-01   1.0808479e-01
   2.8265930e-01   1.6537681e-01   1.0042388e-01
   3.6043184e-01   1.7003769e-01   8.2607648e-02
   2.1293604e-01   3.4093462e-02   5.7722708e-02
   1.4459023e-01   2.0043141e-01   4.1143729e-02
   2.9947164e-01   1.2709367e-01   9.1299120e-02
   2.0280486e-01   5.0145632e-02   7.4019674e-02
   2.0261299e-01   8.5389683e-02   9.8047560e-02
   1.6466484e-01   1.3761925e-01   1.0347948e-01
   2.7535875e-01   1.0708937e-01   8.8836877e-02
   1.8701294e-02   2.1657984e-01   7.0406351e-02
   2.0357486e-01   1.6346470e-01   1.0465075e-01
   1.7325645e-01   2.5003974e-01   5.2013739e-02
   3.6815315e-01   3.1732828e-02   4.2027944e-02
   1.1461528e-01   1.8033936e-01   1.0731270e-01
   5.2654083e-02   1.9144194e-01   1.1072685e-01
   1.5121608e-01   1.8552701e-01   4.6165443e-02
   4.4835975e-01   1.6726566e-01   8.7136173e-02
   3.3214713e-01   1.9460571e-02   5.1121386e-02
   1.5295546e-01   2.2733524e-01   6.3142638e-02
   1.7743615e-01   2.1166612e-01   1.0402738e-01
   2.4563751e-01   2.4299513e-01   5.2236469e-02
   3.1462700e-01   2.4771928e-01   4.0575644e-02
   1.9377327e-01   2.3745459e-01   5.7694166e-02
   4.3678121e-01   8.9594824e-02   9.3820895e-02
   1.2277328e-01   1.2691951e-01   9.4886495e-02
   2.4053932e-01   1.6961347e-01   8.9847867e-02
   1.6971997e-01   6.0108069e-02   7.1531471e-02
   2.9929027e-01   2.3588210e-01   3.3138912e-02
   2.8479874e-01   1.2502016e-01   8.8157574e-02
   4.6108436e-01   2.1577040e-01   5.0686779e-02
   2.7958699e-01   2.8974658e-02   3.6335406e-02
   4.1140075e-01   2.2477889e-01   4.6508431e-02
   1.6838144e-01   1.7354634e-01   1.0569867e-01
   1.8223326e-01   1.2146027e-01   5.2366462e-02
   2.9340753e-01   1.9990681e-01   9.5351856e-02
   4.3636008e-01   1.5535462e-01   9.5350720e-02
   1.4856046e-01   1.0101775e-01   4.2491020e-02
   3.1906208e-01   2.4411790e-01   5.1576578e-02
   3.1505244e-01   2.0205926e-01   7.2819375e-02
   1.1759389e-01   8.9559030e-02   5.5510650e-02
   2.0872419e-01   7.3633713e-02   8.9236241e-02
   2.6259001e-01   1.2911656e-01   8.9372099e-02
   1.0507420e-01   1.9648635e-01   1.1173575e-01
   3.3236174e-01   1.6286636e-01   9.2121025e-02
   2.9311334e-02   1.3809748e-01   1.0934299e-01
   3.7800187e-01   1.6423514e-02   4.6812518e-02
   2.9724411e-01   1.4060046e-01   7.6044917e-02
   8.3010742e-02   1.2705595e-01   8.7500492e-02
   2.7988649e-01   1.1024952e-01   1.1283393e-01
   1.5452952e-01   1.9899867e-01   9.6227151e-02
   2.5944032e-01   2.0947244e-01   8.3636681e-02
   2.6328942e-02   1.6105499e-01   1.1955624e-01
   2.6943007e-01   1.8722989e-01   7.8472327e-02
   2.6741591e-01   1.5296274e-01   9.9305582e-02
   1.5072680e-01   2.2241016e-01   4.8988119e-02
   3.6880610e-01   2.8227680e-01   2.0652134e-02
   6.6748828e-02   1.3475878e-01   9.8316138e-02
   2.4350909e-01   2.3711599e-01   8.3678025e-02
   1.3035275e-01   2.1335526e-01   4.5977891e-02
   3.1698926e-01   8.8302996e-02   1.1154112e-01
   2.3152926e-01   8.2873031e-02   5.4711737e-02
   2.2845883e-01   2.0711867e-01   9.0754134e-02
   3.8824131e-01   2.1320723e-01   6.3153596e-02
   1.8187433e-01   2.0137489e-01   5.2420971e-02
   1.3362141e-01   1.1872292e-01   8.9149266e-02
   2.8775918e-01   1.2043566e-01   1.1883614e-01
   2.0883354e-01   1.1890182e-01   6.8065423e-02
   8.0855143e-02   1.5885488e-01   1.2197747e-01
   2.4491176e-01   2.1490460e-01   8.9853600e-02
   3.5233479e-01   3.4372965e-02   4.3489046e-02
   3.5574721e-01   1.9806051e-02   4.7262228e-02
   1.9356841e-01   2.3606617e-01   4.0310533e-02
   2.3137734e-01   2.4616558e-01   4.0386216e-02
   1.7239079e-01   8.2587862e-02   2.3944355e-02
   1.6529012e-01   1.9478659e-01   5.0502100e-02
   3.0069238e-01   2.3628159e-01   6.6518788e-02
   1.7737801e-01   6.0759499e-02   2.0053851e-02
   3.2915331e-01   1.9752605e-01   7.8223582e-02
   2.9385384e-01   1.4727671e-01   1.1197445e-01
   4.7682779e-01   2.2307224e-01   4.4961680e-02
   1.4017745e-01   1.1713265e-01   4.9980005e-02
   2.4389623e-01   2.1271660e-01   6.8594581e-02
   2.7927416e-01   2.5177556e-01   1.9775371e-02
   3.1597607e-01   2.1470093e-01   8.4036099e-02
   1.8035734e-01   1.5934508e-01   1.0589799e-01
   1.4924896e-01   6.5796657e-02   4.2188188e-02
   4.2911904e-01   2.1586632e-01   5.1024328e-02
   2.0365026e-01   1.4590255e-01   1.0577845e-01
   3.2598584e-01   2.0669748e-02   2.6335624e-02
   2.2926738e-01   2.1458427e-01   6.0105259e-02
   1.0772967e-01   1.4026660e-01   1.0339940e-01
   3.8641790e-01   1.0223526e-01   9.7757531e-02
   3.5099409e-01   2.3055554e-01   5.5959266e-02
   2.9580958e-01   1.1906722e-01   1.2838431e-01
   2.1425280e-01   2.2144359e-01   5.0666613e-02
   1.0035685e-01   1.1725739e-01   9.7715822e-02
   2.1188174e-01   1.9584366e-01   9.0837703e-02
   3.1047107e-01   1.0184868e-01   1.0328906e-01
   1.8540179e-01   1.7994367e-01   1.0035236e-01
   1.8986958e-01   2.5382604e-01   2.9352578e-02
   1.7477979e-01   2.3814185e-01   2.6364824e-02
   2.3237497e-01   2.2441475e-01   4.3093464e-02
   2.0146200e-01   2.5789338e-01   3.8746809e-02
   1.4503367e-01   8.6556827e-02   4.5524229e-02
   3.5433129e-01   2.7892970e-01   1.7781127e-02
   1.6919285e-02   1.2276898e-01   8.4470462e-02
   1.5905732e-01   1.1235909e-01   2.4090903e-02
   2.5620278e-01   2.4453303e-01   7.6641634e-02
   2.6660839e-01   2.1433156e-02   3.8376374e-02
   2.1962149e-01   9.8017610e-02   6.2128127e-02
   2.9971717e-01   1.9069179e-01   1.0684027e-01
   2.2502774e-01   1.6665430e-01   7.6677850e-02
   1.0586156e-01   1.5780908e-01   1.0746554e-01
   1.9431732e-01   2.2489928e-01   8.3370397e-02
   1.1106741e-01   2.0958661e-01   6.0163372e-02
   3.0008635e-02   1.7794463e-01   5.5007351e-02
   2.1130082e-01   1.8342082e-01   6.4943394e-02
   3.0937702e-01   1.0963001e-01   1.2292247e-01
   2.1078773e-01   2.3150427e-01   7.7126961e-02
   2.2226605e-01   7.1110343e-02   4.8006085e-02
   3.2543712e-01   2.3079031e-01   5.7078217e-02
   1.8352931e-01   9.9256336e-02   8.7988122e-02
   1.6891371e-01   5.3623961e-02   3.0247228e-02
   2.5018266e-01   1.5163458e-01   9.8349891e-02
   3.0277796e-01   1.9020900e-01   7.7853663e-02
   7.7555233e-02   1.8854462e-01   1.1168946e-01
   2.4660802e-01   2.6625633e-01   4.3656191e-02
   1.2425992e-01   2.4095810e-01   4.8600240e-02
   2.6527855e-01   2.2937508e-01   4.7191438e-02
   2.1307803e-01   1.2797009e-01   1.2415326e-01
   2.7515013e-01   2.2615282e-01   8.6521886e-02
   1.9619376e-01   1.0416670e-01   9.8466831e-02
   1.9275213e-01   2.0072667e-01   9.1947365e-02
   2.2295888e-01   1.4132924e-01   1.2004295e-01
   1.6112415e-01   7.0798740e-02   8.3829566e-02
   1.0035611e-01   1.0895715e-01   6.5798438e-02
   2.9157606e-01   2.1000708e-01   4.0409048e-02
   3.2892228e-01   9.1600958e-02   1.1614365e-01
   2.5922040e-01   2.5234125e-01   5.2584543e-02
   2.8566380e-01   2.7266684e-01   3.1498021e-02
   1.1806390e-01   2.0392882e-01   1.2264219e-01
   7.1070228e-02   1.4671066e-01   8.2647423e-02
   5.9867482e-02   2.1085754e-01   1.1380174e-01
   2.6373878e-01   2.1204035e-01   5.9734920e-02
   1.4433329e-02   1.5658596e-01   1.2411641e-01
   1.0821046e-01   1.8634415e-01   6.1592195e-02
   2.8313870e-02   1.3569591e-01   9.1290992e-02
   1.8084792e-01   2.2177118e-01   3.6506673e-02
   2.7943078e-02   1.5970529e-01   7.2259005e-02
   1.5148405e-01   7.8418502e-02   5.5919596e-02
   2.5366585e-01   9.9083317e-02   6.9140080e-02
   2.4596922e-01   8.7094609e-02   4.6900969e-02
   1.0361888e-01   1.6010576e-01   6.6219737e-02
   2.4813169e-01   2.6433305e-02   5.8111875e-02
   2.1692531e-01   2.1738087e-01   8.7210660e-02
   9.1979054e-02   1.7358086e-01   1.0576256e-01
   1.6294821e-01   2.2728603e-01   8.7597899e-02
   4.5744394e-02   1.3635272e-01   1.0454518e-01
   1.7035948e-01   2.1456517e-01   6.0919327e-02
   1.6168032e-01   1.5376491e-01   9.1763791e-02
   2.0181343e-01   1.7406383e-01   7.5721747e-02
   3.0039305e-01   1.8061143e-01   9.4343658e-02
   1.5784340e-01   1.8022800e-01   6.4195321e-02
   2.1350755e-01   5.2588648e-02   4.9381263e-02
   1.6359576e-01   2.0898434e-01   4.0506395e-02
   1.3584350e-01   8.9194324e-02   9.2976535e-02
   1.9286461e-01   2.1901513e-01   5.5065049e-02
   1.2415995e-02   2.2105305e-01   5.7484918e-02
   1.4792426e-02   1.7744529e-01   1.2004505e-01
   1.1234756e-01   1.4482779e-01   6.9195667e-02
   2.4282436e-01   1.2116921e-01   8.3461128e-02
   6.5698048e-02   1.7292425e-01   1.1584323e-01
   2.3740329e-01   1.4327851e-01   8.5537704e-02
   2.1551018e-01   2.0583443e-01   7.4193491e-02
   1.5086550e-01   2.2451744e-01   8.6416977e-02
   2.1414482e-01   1.5702104e-01   8.4328241e-02
   5.1736319e-01   7.0936554e-02   1.0252394e-01
   1.4703792e-01   8.2831619e-02   8.0142738e-02
   3.4420733e-01   2.0790847e-02   4.0568598e-02
   1.6070551e-01   2.1520943e-01   9.3375917e-02
   2.4299481e-01   2.0132154e-01   1.0127962e-01
   1.9275662e-01   1.0784376e-01   6.3806970e-02
   3.8537039e-01   2.1916268e-01   5.1697932e-02
   2.2924391e-01   4.1783191e-02   4.3877806e-02
   2.7828093e-01   2.0815615e-01   7.5683951e-02
   1.9959743e-01   1.0172191e-01   4.0451535e-02
   1.7840385e-01   9.8232627e-02   4.7650513e-02
   1.3888704e-01   1.9976691e-01   1.0128151e-01
   1.9986226e-01   7.0360950e-02   6.3411584e-02
   4.7966648e-02   1.4729728e-01   8.8548961e-02
   1.1188740e-01   1.7473223e-01   8.3707536e-02
   2.5355731e-01   1.8904610e-01   8.7676917e-02
   2.0285790e-01   2.1367896e-01   8.6881950e-02
   4.3643887e-01   2.7520093e-01   2.0680956e-02
   1.6617139e-01   1.8744431e-01   9.1873866e-02
   2.1065946e-01   1.3389827e-01   8.6985030e-02
   8.6972652e-02   1.8167169e-01   8.2564905e-02
   4.3787111e-01   2.2721108e-01   4.5318738e-02
   3.0796178e-01   1.1743374e-01   9.9200545e-02
   7.8456495e-02   1.7133897e-01   9.8084098e-02
   1.5938210e-01   1.1581162e-01   8.7237836e-02
   4.0728914e-01   2.8029343e-01   1.9001822e-02
   1.4765097e-01   1.6908195e-01   9.2241552e-02
   2.5905750e-01   1.2469035e-01   1.2556825e-01
   2.1895673e-01   2.0091626e-01   5.9857601e-02
   1.7394225e-01   2.1978807e-01   8.2473465e-02
   2.9742221e-01   1.0703929e-01   1.1361998e-01
   1.9485209e-01   1.6049970e-01   8.7953118e-02
   1.5459356e-01   1.0231170e-01   6.2408037e-02
   2.3149435e-01   2.3246768e-01   6.3977726e-02
   2.5483927e-01   2.2458564e-01   7.4874331e-02
   5.9801846e-02   2.0281707e-01   7.2479971e-02
   2.6937139e-01   2.3175263e-01   6.6647806e-02
   1.7039931e-01   8.0224501e-02   5.8839625e-02
   2.5987984e-01   1.0203629e-01   8.2892023e-02
   1.3105819e-01   2.2221429e-01   6.1436167e-02
   2.0294416e-01   1.8066285e-01   9.6598170e-02
   4.3227963e-02   2.0506477e-01   8.9083474e-02
   2.9354864e-01   1.2281583e-01   1.0689860e-01
   2.9435021e-01   1.9588112e-01   6.5744100e-02
   1.4605803e-01   1.1842247e-01   6.8002364e-02
   1.1537473e-01   2.0750786e-01   7.9783066e-02
   2.9400735e-01   2.3978535e-01   5.4343190e-02
   4.3205146e-02   1.5761092e-01   1.1017130e-01
   1.9888002e-01   1.1575049e-01   8.5689783e-02
   2.0172640e-01   1.2661882e-01   1.0344129e-01
   6.1506194e-02   1.5991120e-01   9.8305607e-02
   2.8975761e-02   1.4535305e-01   7.8461700e-02
   1.3060956e-01   1.3717917e-01   7.5308807e-02
   2.3293753e-01   8.8028099e-02   8.6031325e-02
   1.9152235e-01   1.3151392e-01   6.9512640e-02
   9.8369264e-02   1.5338662e-01   8.4676951e-02
   2.2926923e-01   2.2396091e-01   7.8526415e-02
   2.1194508e-01   1.0735934e-01   9.8370918e-02
   2.8571359e-01   1.5347895e-01   8.8741987e-02
   2.6444991e-01   1.6451463e-01   8.6096532e-02
   1.2205628e-01   1.5239596e-01   9.0306262e-02
   2.3376872e-01   1.0266261e-01   6.0639878e-02
   2.2236765e-01   1.2748210e-01   9.9704737e-02
   1.3937885e-01   1.0044094e-01   8.1090337e-02
   2.8242142e-01   1.8166594e-01   9.7817261e-02
   1.3314044e-01   1.8110140e-01   5.8571873e-02
   1.4790518e-01   2.0370546e-01   6.2207251e-02
   1.4834686e-01   1.5910497e-01   6.7964324e-02
   1.6949687e-01   9.5287225e-02   7.4374405e-02
   2.0768601e-01   9.4880756e-02   7.8144466e-02
   1.7195348e-01   7.2127117e-02   3.8158416e-02
   1.9420157e-01   1.9872447e-01   6.9698612e-02
   1.8339285e-01   1.4004751e-01   8.9750028e-02
   3.8950738e-02   1.7882812e-01   1.1631731e-01
   1.6197733e-01   9.2430832e-02   3.9997226e-02
   2.3067216e-01   1.0959337e-01   1.0324293e-01
   1.2498314e-01   1.9664968e-01   1.1141521e-01
   1.4711269e-01   1.8373708e-01   7.8740518e-02
   1.2807766e-01   1.9781564e-01   7.2072483e-02
   2.2260480e-01   1.1026500e-01   8.2321445e-02
   4.8802394e-02   1.7677142e-01   9.4776871e-02
   6.6368084e-02   1.8494801e-01   9.3909357e-02
   2.2684677e-01   1.5100149e-01   1.0182905e-01
   2.8404627e-01   2.3026951e-01   6.7222986e-02
   2.9894350e-02   1.5425590e-01   9.2421783e-02
   1.4180382e-01   1.3138012e-01   1.0231761e-01
   1.5883870e-01   1.2705665e-01   5.3533184e-02
   2.1700514e-01   4.7464262e-02   6.5461761e-02
   3.0189950e-01   1.4320487e-01   9.7631570e-02
   1.3369110e-01   1.6338434e-01   7.4578083e-02
   2.0832333e-01   2.1818928e-01   6.7402405e-02
   1.4324260e-01   1.3744012e-01   5.0425460e-02
   1.7190834e-01   1.1733943e-01   6.9007214e-02
   6.7789758e-02   1.6833224e-01   7.8172270e-02
   1.3841567e-01   1.7665666e-01   4.0648907e-02
   2.8783491e-01   1.9023498e-01   7.7292256e-02
   1.9375981e-01   2.3252395e-01   7.2588023e-02
   1.5962348e-01   7.6604478e-02   4.0074310e-02
   2.0782007e-01   8.6926557e-02   5.2215053e-02
   4.1792552e-01   2.7342839e-01   2.1576050e-02
   2.0726123e-01   2.0223447e-01   4.8700908e-02
   1.4064113e-01   1.4787262e-01   8.9957479e-02
   2.5345849e-01   2.3925695e-01   6.3557808e-02
   5.2752069e-02   1.8066669e-01   7.5371444e-02
   5.0353622e-01   7.2535521e-02   1.0380867e-01
   1.5520455e-01   1.1364812e-01   4.1182369e-02
   2.8553841e-01   2.1223719e-01   5.8720124e-02
   3.0083520e-01   2.0883222e-01   7.5528427e-02
   1.5256015e-01   1.3491003e-01   7.6676354e-02
   2.7858971e-01   1.3906203e-01   1.0116202e-01
   3.9869917e-01   2.2344703e-01   4.6315086e-02
   2.8356244e-01   2.3719946e-01   4.1284474e-02
   1.8893587e-01   8.8908653e-02   6.2713681e-02
   1.2775903e-01   1.7935630e-01   8.6726369e-02
   1.7303424e-01   1.6791601e-01   7.9975112e-02
   1.8534614e-01   1.8413004e-01   8.3313312e-02
   2.0297332e-01   1.4512557e-01   7.4740425e-02
   2.4306551e-01   1.0598732e-01   7.5275796e-02
   1.5663213e-01   2.1083058e-01   7.8287794e-02
   2.6461308e-01   1.7749173e-01   9.9146748e-02
   2.4654370e-01   2.2376116e-01   5.5081389e-02
   2.7980933e-01   1.5383042e-01   1.0820203e-01
   1.6823295e-01   1.4222487e-01   7.5074561e-02
   1.2203865e-01   1.9307709e-01   9.4867403e-02
   1.7083876e-01   1.9933741e-01   7.2882329e-02
   1.7708654e-01   2.0067415e-01   9.0030776e-02
   1.8743367e-01   2.1509746e-01   9.2865437e-02
   1.8661947e-01   2.1327603e-01   7.5818838e-02
   4.2873362e-01   2.7117996e-01   2.3043866e-02
